1994.13562,0.28813
1990.27849,0.28782
1986.42136,0.28785
1982.56423,0.28783
1978.70710,0.28766
1974.84998,0.28736
1970.99285,0.28699
1967.13572,0.28673
1963.27859,0.28655
1959.42146,0.28631
1955.56433,0.28603
1951.70720,0.28570
1947.85007,0.28536
1943.99294,0.28505
1940.13582,0.28477
1936.27869,0.28460
1932.42156,0.28452
1928.56443,0.28436
1924.70730,0.28404
1920.85017,0.28358
1916.99304,0.28317
1913.13591,0.28293
1909.27878,0.28277
1905.42166,0.28262
1901.56453,0.28234
1897.70740,0.28185
1893.85027,0.28131
1889.99314,0.28096
1886.13601,0.28077
1882.27888,0.28065
1878.42175,0.28059
1874.56463,0.28038
1870.70750,0.27993
1866.85037,0.27958
1862.99324,0.27944
1859.13611,0.27918
1855.27898,0.27879
1851.42185,0.27841
1847.56472,0.27803
1843.70759,0.27769
1839.85047,0.27752
1835.99334,0.27723
1832.13621,0.27667
1828.27908,0.27625
1824.42195,0.27633
1820.56482,0.27633
1816.70769,0.27592
1812.85056,0.27547
1808.99343,0.27543
1805.13631,0.27547
1801.27918,0.27509
1797.42205,0.27429
1793.56492,0.27363
1789.70779,0.27362
1785.85066,0.27384
1781.99353,0.27372
1778.13640,0.27317
1774.27927,0.27235
1770.42215,0.27188
1766.56502,0.27203
1762.70789,0.27199
1758.85076,0.27159
1754.99363,0.27106
1751.13650,0.27035
1747.27937,0.26968
1743.42224,0.26937
1739.56512,0.26906
1735.70799,0.26879
1731.85086,0.26942
1727.99373,0.27030
1724.13660,0.27018
1720.27947,0.26885
1716.42234,0.26739
1712.56521,0.26745
1708.70808,0.26767
1704.85096,0.26710
1700.99383,0.26581
1697.13670,0.26529
1693.27957,0.26565
1689.42244,0.26540
1685.56531,0.26447
1681.70818,0.26429
1677.85105,0.26470
1673.99392,0.26450
1670.13680,0.26410
1666.27967,0.26422
1662.42254,0.26446
1658.56541,0.26428
1654.70828,0.26329
1650.85115,0.26203
1646.99402,0.26233
1643.13689,0.26317
1639.27976,0.26327
1635.42264,0.26266
1631.56551,0.26216
1627.70838,0.26183
1623.85125,0.26147
1619.99412,0.26137
1616.13699,0.26171
1612.27986,0.26216
1608.42273,0.26220
1604.56561,0.26186
1600.70848,0.26145
1596.85135,0.26106
1592.99422,0.26065
1589.13709,0.26028
1585.27996,0.25992
1581.42283,0.25945
1577.56570,0.25869
1573.70857,0.25785
1569.85145,0.25732
1565.99432,0.25681
1562.13719,0.25569
1558.28006,0.25418
1554.42293,0.25413
1550.56580,0.25443
1546.70867,0.25365
1542.85154,0.25161
1538.99441,0.25083
1535.13729,0.25184
1531.28016,0.25205
1527.42303,0.25149
1523.56590,0.25064
1519.70877,0.25051
1515.85164,0.25114
1511.99451,0.25097
1508.13738,0.25030
1504.28025,0.25098
1500.42313,0.25155
1496.56600,0.25100
1492.70887,0.25021
1488.85174,0.24997
1484.99461,0.25015
1481.13748,0.25014
1477.28035,0.24974
1473.42322,0.24934
1469.56610,0.24929
1465.70897,0.24923
1461.85184,0.24879
1457.99471,0.24798
1454.13758,0.24782
1450.28045,0.24805
1446.42332,0.24782
1442.56619,0.24733
1438.70906,0.24683
1434.85194,0.24629
1430.99481,0.24591
1427.13768,0.24566
1423.28055,0.24529
1419.42342,0.24482
1415.56629,0.24460
1411.70916,0.24451
1407.85203,0.24417
1403.99490,0.24359
1400.13778,0.24304
1396.28065,0.24278
1392.42352,0.24263
1388.56639,0.24240
1384.70926,0.24224
1380.85213,0.24204
1376.99500,0.24163
1373.13787,0.24125
1369.28074,0.24093
1365.42362,0.24046
1361.56649,0.24014
1357.70936,0.24011
1353.85223,0.24008
1349.99510,0.23990
1346.13797,0.23956
1342.28084,0.23906
1338.42371,0.23865
1334.56659,0.23859
1330.70946,0.23853
1326.85233,0.23827
1322.99520,0.23797
1319.13807,0.23773
1315.28094,0.23744
1311.42381,0.23724
1307.56668,0.23722
1303.70955,0.23716
1299.85243,0.23708
1295.99530,0.23713
1292.13817,0.23698
1288.28104,0.23643
1284.42391,0.23590
1280.56678,0.23565
1276.70965,0.23550
1272.85252,0.23537
1268.99539,0.23522
1265.13827,0.23482
1261.28114,0.23437
1257.42401,0.23431
1253.56688,0.23455
1249.70975,0.23472
1245.85262,0.23487
1241.99549,0.23517
1238.13836,0.23547
1234.28123,0.23550
1230.42411,0.23535
1226.56698,0.23521
1222.70985,0.23509
1218.85272,0.23490
1214.99559,0.23459
1211.13846,0.23427
1207.28133,0.23411
1203.42420,0.23427
1199.56708,0.23466
1195.70995,0.23492
1191.85282,0.23499
1187.99569,0.23508
1184.13856,0.23523
1180.28143,0.23544
1176.42430,0.23572
1172.56717,0.23592
1168.71004,0.23605
1164.85292,0.23615
1160.99579,0.23631
1157.13866,0.23666
1153.28153,0.23705
1149.42440,0.23727
1145.56727,0.23744
1141.71014,0.23793
1137.85301,0.23872
1133.99588,0.23945
1130.13876,0.24012
1126.28163,0.24093
1122.42450,0.24166
1118.56737,0.24231
1114.71024,0.24343
1110.85311,0.24492
1106.99598,0.24596
1103.13885,0.24640
1099.28172,0.24701
1095.42460,0.24812
1091.56747,0.24928
1087.71034,0.25018
1083.85321,0.25069
1079.99608,0.25075
1076.13895,0.25056
1072.28182,0.25045
1068.42469,0.25071
1064.56756,0.25126
1060.71044,0.25158
1056.85331,0.25155
1052.99618,0.25166
1049.13905,0.25200
1045.28192,0.25215
1041.42479,0.25219
1037.56766,0.25258
1033.71053,0.25323
1029.85341,0.25396
1025.99628,0.25461
1022.13915,0.25492
1018.28202,0.25523
1014.42489,0.25616
1010.56776,0.25736
1006.71063,0.25841
1002.85350,0.25962
998.99637,0.26095
995.13925,0.26218
991.28212,0.26368
987.42499,0.26573
983.56786,0.26813
979.71073,0.27046
975.85360,0.27235
971.99647,0.27410
968.13934,0.27629
964.28221,0.27880
960.42509,0.28132
956.56796,0.28377
952.71083,0.28600
948.85370,0.28819
944.99657,0.29071
941.13944,0.29349
937.28231,0.29605
933.42518,0.29811
929.56805,0.29986
925.71093,0.30169
921.85380,0.30392
917.99667,0.30643
914.13954,0.30880
910.28241,0.31079
906.42528,0.31261
902.56815,0.31451
898.71102,0.31642
894.85390,0.31846
890.99677,0.32086
887.13964,0.32335
883.28251,0.32569
879.42538,0.32824
875.56825,0.33106
871.71112,0.33390
867.85399,0.33674
863.99686,0.33972
860.13974,0.34282
856.28261,0.34583
852.42548,0.34880
848.56835,0.35173
844.71122,0.35460
840.85409,0.35760
836.99696,0.36068
833.13983,0.36368
829.28270,0.36702
825.42558,0.37066
821.56845,0.37399
817.71132,0.37701
813.85419,0.37992
809.99706,0.38259
806.13993,0.38507
802.28280,0.38789
798.42567,0.39119
794.56854,0.39463
790.71142,0.39798
786.85429,0.40106
782.99716,0.40413
779.14003,0.40756
775.28290,0.41106
771.42577,0.41435
767.56864,0.41766
763.71151,0.42115
759.85439,0.42466
755.99726,0.42820
752.14013,0.43153
748.28300,0.43467
744.42587,0.43820
740.56874,0.44194
736.71161,0.44542
732.85448,0.44876
728.99735,0.45216
725.14023,0.45551
721.28310,0.45877
717.42597,0.46201
713.56884,0.46528
709.71171,0.46852
705.85458,0.47172
701.99745,0.47511
698.14032,0.47849
694.28319,0.48138
690.42607,0.48397
686.56894,0.48678
682.71181,0.48988
678.85468,0.49305
674.99755,0.49558
671.14042,0.49709
667.28329,0.49924
663.42616,0.50273
659.56903,0.50579
655.71191,0.50821
651.85478,0.51055
647.99765,0.51298
644.14052,0.51548
640.28339,0.51771
636.42626,0.51977
632.56913,0.52211
628.71200,0.52426
624.85488,0.52590
620.99775,0.52704
617.14062,0.52742
613.28349,0.52795
609.42636,0.52885
605.56923,0.52873
601.71210,0.52682
597.85497,0.52318
593.99784,0.51790
590.14072,0.51079
586.28359,0.50143
582.42646,0.48816
578.56933,0.46926
574.71220,0.44646
570.85507,0.42354
566.99794,0.40208
563.14081,0.38130
559.28368,0.36090
555.42656,0.34172
551.56943,0.31998
547.71230,0.29486
543.85517,0.27448
539.99804,0.25930
536.14091,0.24067
532.28378,0.21927
528.42665,0.20210
524.56952,0.19050
520.71240,0.17960
516.85527,0.16999
512.99814,0.16238
509.14101,0.15279
505.28388,0.14558
501.42675,0.14255
497.56962,0.13912
